% NEGF matrix 80x20
% Polar optical phonon F-matrix, kk=5, xx=20; first column is yy=20, second column is yy=19, etc.; rows are qq
     3.97749342388	     3.46869389276	     2.78235911026	     2.29704963191	     1.81018793938	     1.45486839898	     1.11177853637	    0.851683118806	    0.618007911293	    0.427230539364	    0.274378626491	    0.136227761392	   0.0398553176008	  -0.0561237559121	   -0.115700303192	   -0.176897038205	   -0.214016258646	   -0.247141799528	   -0.270698928506	   -0.282903712422
     3.97824972738	      3.4695138603	     2.78334345122	     2.29825981937	     1.81165860102	     1.45661147346	     1.11379094449	    0.853949741855	    0.620506142214	    0.429932579435	    0.277253770001	    0.139244310943	   0.0429813659857	  -0.0529187660254	   -0.112445598907	   -0.173619423374	   -0.210740373914	   -0.243889592557	   -0.267489807314	   -0.279754561384
     3.98054839149	     3.47200324535	     2.78632517887	     2.30191789298	     1.81609660597	     1.46186505531	     1.11985081851	    0.860770615882	    0.628020353292	    0.438056964812	    0.285896501666	    0.148310622792	   0.0523758824041	  -0.0432873662449	   -0.102664654225	    -0.16376902098	   -0.200894137987	   -0.234113101093	   -0.257841056295	   -0.270284015279
     3.98438149865	     3.47615336777	     2.79129343265	     2.30800966429	     1.82348364277	     1.47060629417	      1.1299307195	    0.872113993867	    0.640515048912	    0.451565232753	    0.300266336609	    0.163385242351	   0.0679975513689	  -0.0272696130464	  -0.0863951736402	   -0.147380148996	    -0.18450753061	   -0.217837116116	   -0.241771540785	   -0.254504398061
     3.98946322914	     3.48167727978	      2.7979580577	      2.3162401387	     1.83351882491	     1.48252798279	     1.14371729142	    0.887661082347	    0.657667163932	     0.47013157135	    0.320036503181	    0.184142394359	   0.0895236346537	 -0.00518315735483	  -0.0639477238118	   -0.124754398237	    -0.16187142087	   -0.195340215181	   -0.219546173761	   -0.232665794325
     3.99497654939	     3.48775658639	     2.80549681999	     2.32578138209	     1.84536745715	     1.49678846057	     1.16036252699	    0.906558882539	    0.678620680195	    0.492899399679	    0.344352663956	    0.209733011935	    0.116113466865	   0.0221428683113	  -0.0361368592806	  -0.0966888582149	   -0.133762759783	   -0.167376792801	   -0.191894659246	   -0.205471384964
     3.99945243132	     3.49292072753	     2.81243487444	     2.33515229178	     1.85754121626	     1.51189229924	     1.17836504072	    0.927302120008	    0.701869270336	    0.518364772706	    0.371717120071	      0.2386697722	    0.146294349782	   0.0532546280567	 -0.00439343563723	  -0.0645874957426	   -0.101554995825	   -0.135286480805	    -0.16011988109	   -0.174184763228
     4.00086858802	     3.49514566218	      2.8167432919	     2.34231685393	     1.86799601685	     1.52578764304	     1.19566673761	    0.947829084849	    0.725351143134	    0.544470058856	    0.400081144475	    0.268917908332	    0.178050669331	   0.0861608366922	   0.0293206227809	  -0.0303780918941	  -0.0671373151702	   -0.100915810795	   -0.126022090319	   -0.140556732661
     3.99695117086	     3.49215540811	     2.81614012446	     2.34498441048	      1.8744311457	     1.53616386537	     1.20994863536	    0.965815253601	    0.746740092507	    0.568892040483	    0.427129759367	    0.298176294917	    0.209100929483	    0.118605396572	   0.0627802345054	  0.00375063688346	  -0.0326570796989	  -0.0663662277358	   -0.091652725944	   -0.106585138639
      3.9855721126	     3.48181917864	     2.80848692032	     2.34100512917	     1.87468325332	     1.54084363568	     1.21902054924	    0.979060124772	    0.763829010353	    0.589421628678	    0.450657180442	    0.324248156842	    0.237263273685	    0.148427296738	    0.093851024456	   0.0356964784681	 -0.00017917110448	     -0.0336605472	  -0.0589882821956	  -0.0741964087542
     3.96510501675	     3.46250709214	     2.79214389058	     2.32872425582	     1.86707930721	     1.53813417495	     1.22117023639	     0.98583382662	    0.774873523359	     0.60430409012	     0.46890319508	    0.345373165517	    0.260782876221	    0.173882891681	    0.120806101802	   0.0637546369125	   0.0286187161459	 -0.00444476313166	  -0.0296389104164	  -0.0449611962249
     3.93463968254	     3.43330460393	     2.76618405813	     2.30719577975	     1.85064955781	     1.52703928796	     1.21537424181	    0.985086506896	    0.778799642503	    0.612444662033	    0.480756442695	     0.36042808359	    0.278529653996	    0.193840391111	    0.142517050865	   0.0868049633514	   0.0526293032417	   0.0201909565944	 -0.00467383741931	   -0.019924395983
     3.89402574865	     3.39405616838	     2.73043697047	     2.27622621712	     1.82517139369	     1.50730326937	      1.2013418109	    0.976492184782	    0.775247466688	    0.613452002545	    0.485797493532	     0.36896934469	    0.290040214732	    0.207821043002	    0.158494217846	     0.10435122077	   0.0713538522628	   0.0397491483934	   0.0154141698514	 0.000428964565265
     3.84377715185	     3.34526981612	      2.6853936275	     2.23628010727	     1.79107560308	      1.4793181016	     1.17942316715	    0.960358224043	     0.76448194087	    0.607550299766	    0.484212354274	    0.371147984364	    0.295434228746	    0.215916951758	     0.16880597399	    0.116441786387	   0.0848242997929	   0.0542486092974	   0.0306337756101	   0.0161001057058
     3.78489810001	     3.28794331209	      2.6320331894	     2.18830761982	     1.74927520697	     1.44395381285	      1.1504416635	     0.93745951542	    0.747229277327	    0.595418111965	    0.476633882175	    0.367553761085	     0.29526137062	    0.218640938027	    0.173931577168	     0.12352558697	   0.0934623280002	   0.0640866573488	   0.0413605710555	   0.0274452661549
     3.71868948299	     3.22337077865	     2.57163023089	     2.13355284362	     1.70097516283	     1.40236994722	     1.11550733962	    0.908854409964	    0.724495522926	    0.578009797554	    0.463966279638	    0.359042893058	    0.290332454149	    0.216761208314	    0.174599495433	    0.126294180105	   0.0979252933873	   0.0698889847184	   0.0481909167802	   0.0350335883942
     3.64657625628	     3.15297028564	     2.50558294511	     2.07338299665	     1.64750295018	     1.35584786808	     1.07585125514	    0.875721363601	    0.697405766981	    0.556397510107	    0.447230074475	    0.346586198261	    0.281570885425	    0.211156255168	    0.171645870905	    0.125543882428	   0.0989721052202	   0.0723793583618	   0.0518155245819	   0.0395246280291
     3.56997525139	     3.07815183977	     2.43528166503	     2.00915781812	     1.59017915087	     1.30566281861	     1.03269929508	    0.839234724697	    0.667082121344	    0.531651556656	    0.427445019371	    0.331154677529	    0.269901053503	    0.202706162697	    0.165908832219	    0.122073167089	   0.0973637730973	   0.0722833704728	   0.0529264518361	   0.0415786218069
     3.49020682806	      3.0002291783	     2.36202107672	     1.94214246658	     1.53023127815	     1.25299890544	    0.987188507745	    0.800482601962	    0.634563272059	    0.504761766339	    0.405553392526	    0.313644845984	    0.256175777099	    0.192222240231	    0.158160375353	     0.11661684142	   0.0937999212554	   0.0702673198916	   0.0521583714894	   0.0418001589569
     3.40844466767	     2.92036966464	     2.28695041744	     1.87345820915	     1.46874512913	     1.19890126693	    0.940320221427	    0.760421043231	    0.600759816055	    0.476594065501	    0.382377878327	    0.294837975137	    0.241136954313	    0.180409117583	    0.149069935003	    0.109811118373	   0.0888853778658	   0.0669063311441	   0.0500582269604	   0.0407093723809
     3.32569450917	     2.83957309089	     2.21105247434	      1.8040617358	     1.40664451991	     1.14425631845	    0.892940873208	     0.71985550613	    0.566436419527	    0.447873359008	     0.35860519844	    0.275384494023	     0.22540074901	    0.167850727844	    0.139191171723	    0.102181213062	   0.0831185833596	   0.0626735742754	    0.047075260465	   0.0387327695922
     3.24279257892	     2.75867014473	      2.1351421593	     1.73474390467	     1.34469025194	     1.08979097755	     0.84574151828	    0.679440666704	    0.532211932537	    0.419183951541	    0.334786836518	     0.25580501177	    0.209458904633	    0.155011905612	    0.128963847905	   0.0941434901918	   0.0768940032437	   0.0579429370186	   0.0435639382352	   0.0362064040841
     3.16041602585	     2.67833285885	     2.05987699833	      1.6661402899	     1.28349072722	      1.0360833454	    0.799268567991	    0.639691197438	    0.498570186133	    0.390980340767	    0.311349804226	    0.236501034547	    0.193689392391	    0.142248949508	    0.118724290641	   0.0860158160486	   0.0705123604632	   0.0529991307669	   0.0397939248359	   0.0333857137368
     3.07909967062	     2.59909135761	     1.98577386865	      1.5987478959	       1.223518619	    0.983579305868	    0.753940283261	    0.600998117639	    0.465876161178	     0.36360316727	     0.28861233775	     0.21777037821	    0.178371514366	     0.12982439504	    0.108719818509	   0.0780316278393	   0.0641943398123	   0.0480510258338	   0.0359630476437	   0.0304581148463
     2.99925521315	     2.52135305076	     1.91322814879	     1.53294422936	     1.16512982517	     0.93261131464	    0.710065350604	    0.563647106711	    0.434393990867	    0.337296861911	    0.266801150815	     0.19982399389	    0.163702275098	     0.11792291209	   0.0991241509233	   0.0703548463148	    0.058094999943	   0.0432455628451	   0.0322107107254	   0.0275559239651
      2.9211904946	     2.44542187416	     1.84253289422	      1.4690063618	      1.1085823654	    0.883417075259	    0.667861280412	    0.527836569303	    0.404304641084	    0.312226895328	    0.246068214085	    0.182802245554	    0.149812133175	    0.106666513695	   0.0900520639548	   0.0630939743318	   0.0523173153187	   0.0386807427748	   0.0286303408076	   0.0247682700395
     2.84512745441	     2.37151622154	     1.77389669161	     1.40712865108	     1.05405391153	    0.836156818389	    0.627471375454	    0.493694236636	    0.375722093394	    0.288495498384	     0.22650597677	    0.166789604797	    0.136779149396	   0.0961281453796	    0.081572415409	   0.0563145580953	   0.0469240788529	   0.0344169800291	   0.0252802027685	    0.022151386374
     2.77121812305	     2.29978490988	     1.70745954114	     1.34743848254	      1.0016573271	    0.790928578858	    0.588979686719	    0.461291746702	    0.348707501598	    0.266155354866	    0.208160563845	    0.151827329601	     0.12464113237	   0.0863432904254	   0.0737192091688	   0.0500497154401	   0.0419479033921	   0.0304865897723	   0.0221923879007	   0.0197371165955
     2.69955842998	     2.23032095969	     1.64330655283	     1.29000982303	     0.95145401968	    0.747781287462	    0.552423788766	    0.430657052627	     0.32328118975	    0.245221154136	    0.191042857108	    0.137924056255	    0.113405731822	   0.0773195622431	   0.0665006903647	   0.0443087424681	   0.0373993522986	   0.0269014577207	   0.0193800400854	   0.0175397155321
     2.63019986359	     2.16317322788	     1.58147949747	     1.23487463369	    0.903465158633	    0.706725738318	     0.51780544509	    0.401784740468	    0.299432584403	    0.225679108416	    0.175137576835	    0.125064433124	    0.103058619856	   0.0690444350896	   0.0599066329408	   0.0390839695963	   0.0332733787516	   0.0236590796221	   0.0168430136889	   0.0155611443992
     2.56315915517	     2.09835606601	     1.52198638702	     1.18203231937	    0.857680940474	     0.66774361905	    0.485099356507	    0.374644455578	    0.277128286597	    0.207494646506	    0.160410581869	    0.113216019711	   0.0935699886083	     0.06149134585	   0.0539140557912	   0.0343561057932	   0.0295543142704	   0.0207472117667	   0.0145722045112	    0.013795100783
     2.49842621954	     2.03585723682	     1.46480931843	     1.13145745039	    0.814068139647	    0.630794844373	    0.454260236046	    0.349187683998	    0.256318532781	    0.190618535599	    0.146814641769	    0.102334705951	   0.0848996198747	   0.0546244223287	   0.0484916219799	   0.0300983237807	   0.0262196567238	   0.0181473795437	   0.0125527968634	    0.012230021933
     2.43597059945	     1.97564433641	     1.40991082871	     1.08310600525	    0.772576194541	    0.595823443891	     0.42522846215	    0.325353141433	    0.236942297669	    0.174991684081	    0.134293933203	   0.0923689025772	   0.0770007754339	   0.0484020839188	   0.0436029633396	    0.026279324237	   0.0232428909541	   0.0158374716847	   0.0107666484205	   0.0108512765801
     2.37574665088	     1.91766995921	     1.35723899867	     1.03692037192	    0.733142066318	    0.562762241702	    0.397934547519	    0.303071006504	    0.218931274592	    0.160548859202	    0.122787492134	   0.0832627310871	   0.0698231329246	   0.0427797351727	   0.0392091460014	   0.0228655890021	   0.0205955459701	   0.0137936176749	  0.00919400350577	  0.00964272884337
     2.31769768384	     1.86187582033	      1.3067315196	     0.99283332177	    0.695694084316	    0.531536540903	    0.372302635626	    0.282266208835	    0.202212941867	    0.147221525514	    0.112231824495	   0.0749584121421	   0.0633149616286	   0.0377117415707	   0.0352704605862	    0.019823001012	   0.0182486600574	   0.0119915130112	  0.00781469261032	   0.0085878250147
     2.26175924598	     1.80819602247	     1.25831891004	    0.950771142698	    0.660154963734	    0.502066997564	       0.348253208	    0.262860953063	    0.186712893791	    0.134939979614	    0.102562847206	   0.0673980200539	   0.0574247010743	   0.0331528451908	   0.0317476891408	   0.0171179770885	   0.0161737937252	   0.0104073258482	  0.00660894520551	  0.00767032376679
     2.20786170839	     1.75655962677	     1.21192704137	    0.910656089725	    0.626444153039	    0.474271840353	    0.325705156708	    0.244776631012	    0.172356585759	    0.123634927474	   0.0937173020902	   0.0605247416626	    0.052102076088	   0.0290591488481	   0.0286029720225	   0.0147182311932	   0.0143437023492	  0.00901829105727	  0.00555791603017	  0.00687476416668
     2.15593228738	     1.70689266099	     1.16747910556	    0.872408285499	    0.594479642411	    0.448068565707	    0.304577350137	    0.227935247889	     0.15907061667	    0.113238624302	   0.0856337589625	   0.0542837518391	    0.047298856109	   0.0253887718119	   0.0258003729091	   0.0125932612461	   0.0127327564575	  0.00780307448365	  0.00464400252047	  0.00618674414551
     2.10589661227	     1.65911967539	     1.12489713473	    0.835947179817	    0.564179341364	    0.423375215306	    0.284789797044	    0.212260465256	    0.146783648731	    0.103685674024	   0.0782533015945	   0.0486227955281	   0.0429693446367	   0.0221022587036	   0.0233062191263	    0.010714632208	   0.0113171778508	  0.00674197112949	  0.00385101274001	  0.00559306454264
     2.05767993013	     1.61316493653	     1.08410316248	    0.801192657411	    0.535462113786	    0.400111322757	    0.266264494081	    0.197678343917	    0.135427045346	    0.094913566259	   0.0715199712503	   0.0434925476335	   0.0390706664799	   0.0191628054597	   0.0210892773024	  0.00905611153755	    0.010075143801	  0.00581698571638	  0.00316422859323	  0.00508177998828
      2.0112080207	     1.56895333257	      1.0450201002	    0.768065866477	    0.508248541893	    0.378198599724	    0.248926025451	    0.184117853432	    0.124935291571	   0.0868630126937	   0.0653810268948	   0.0388468067891	   0.0355629056438	   0.0165363518892	   0.0191208105317	  0.00759369987033	  0.00898679890246	  0.00501183203454	  0.00257039769671	   0.0046421871247
     1.96640788127	      1.5264110495	     1.00757238741	    0.736489826411	    0.482461476742	    0.357561417974	     0.23270196969	    0.171511201535	    0.115246248323	   0.0794781317727	   0.0597870684687	    0.034642566729	   0.0324091347716	   0.0141915788844	   0.0173745522444	  0.00630558930191	  0.00803420422774	  0.00431187811535	    0.002057678472	  0.00426477241366
     1.92320822948	     1.48546606624	    0.971686463659	    0.706389861805	    0.458026421493	      0.3381271325	    0.217523157434	    0.159794025687	    0.106301280815	   0.0727065201036	   0.0546920594158	   0.0308399991014	   0.0295753675679	   0.0120998392742	   0.0158266233558	  0.00517207349262	  0.00720124574843	  0.00370405705672	  0.00161555629721	  0.00394113552617
     1.88153986267	     1.44604850702	    0.937291100245	    0.677693900367	    0.434871784409	    0.319826281716	    0.203323814966	    0.148905480195	   0.0980452929589	   0.0664992405575	    0.050053276508	   0.0274023737452	   0.0270304581523	   0.0102350441976	   0.0144554125461	   0.0041754274987	  0.00647351808296	  0.00317675784095	  0.00123474347215	  0.00366389962413
     1.84133590464	     1.40809088198	    0.904317622296	    0.650332664859	       0.412929031	    0.302592693317	    0.190041621081	    0.138788245135	   0.0904266926047	   0.0608107503318	   0.0458312085567	   0.0242959362767	   0.0247459654311	   0.0085735213459	   0.0132414343345	  0.00329977039404	  0.00583819514193	  0.00271970634337	 0.000907071948037	  0.00342661636647
     1.80253196454	     1.37152824054	    0.872700045572	    0.624239783043	    0.392132758733	    0.286363518425	     0.17761769895	    0.129388477687	   0.0833973069287	   0.0555987869312	   0.0419894205181	   0.0214897580046	   0.0226959960134	  0.00709385714519	   0.0121671756322	  0.00253092006496	  0.00528389585625	  0.00232384363252	  0.00062538495508	  0.00322367091926
     1.76506622763	     1.33629825713	    0.842375147413	    0.599351834674	    0.372420712826	    0.271079211883	    0.165996560011	    0.120655721911	   0.0769122629255	   0.0508242258318	   0.0384943955082	   0.0189555694223	   0.0208570356704	  0.00577673167131	   0.0112169384259	  0.00185624678083	  0.00480055064045	  0.00198120636854	 0.000383431593567	  0.00305019039586
     1.72887949354	     1.30234126508	    0.813282487291	    0.575608350653	    0.353733757772	     0.25668347274	     0.15512601319	     0.11254278943	   0.0709298445029	    0.046450920297	    0.035315364134	    0.016667585612	   0.0192077766219	  0.00460475258302	   0.0103766839538	  0.00126453006258	  0.00437927236672	  0.00168481242445	 0.000175766955483	  0.00290195782381
      1.6939151746	     1.26960025085	    0.785364389175	    0.552951776294	    0.336015816144	    0.243123155936	    0.144957049827	    0.105005620625	   0.0654113349601	   0.0424455312424	   0.0324241281236	   0.0146023296374	   0.0177289458576	  0.00356229246401	  0.00963388201806	 0.000745821827017	  0.00401223424861	  0.00142855363607	-2.34072885116e-06	  0.00277533279704
     1.66011926393	     1.23802081861	    0.758565895394	    0.531327408122	    0.319213783725	    0.230348163776	    0.135443712315	   0.0980031337199	   0.0603208514954	   0.0387773530332	   0.0297948833692	   0.0127384582794	    0.016403138122	  0.00263533253601	  0.00897736779793	 0.000291317651299	  0.00369255603595	  0.00120709671569	-0.000154995179418	  0.00266717932121
     1.62744028136	     1.20755113285	    0.732834699634	    0.510683311594	    0.303277428054	    0.218311323869	    0.126542952632	   0.0914970673351	   0.0556251767223	   0.0354181395423	   0.0274040460497	   0.0110565931469	   0.0152146560011	  0.00181131464174	  0.00839720758943	-0.000106762820572	  0.00341419921043	  0.00101579275351	-0.000285749170892	  0.00257480092051
     1.59582920306	     1.17814184517	    0.708121065063	     0.49097022557	    0.288159275907	    0.206968258672	    0.118214485482	   0.0854518207588	   0.0512935908715	   0.0323419335857	   0.0252300843996	  0.00953915919665	   0.0141493586574	  0.00107900261088	  0.00788457421287	-0.000455285894172	  0.00317187137294	  0.00085059531224	-0.000397673781506	  0.00249588278731
     1.56523937996	     1.14974600995	    0.684377732274	    0.472141458021	    0.273814493979	     0.19627725061	    0.110420639607	   0.0798342950424	   0.0472977073458	   0.0295249019263	   0.0232533578453	  0.00817023194581	   0.0131945200979	 0.000428353549647	  0.00743163234209	-0.000760304239564	   0.0029609396734	 0.000707986842307	-0.000493420138797	  0.00242844057791
      1.5356264485	     1.12231899289	    0.661559820722	      0.4541527765	    0.260200766046	    0.186199105752	    0.103126209936	   0.0746137372202	   0.0436113135131	   0.0269451773262	   0.0214559645949	  0.00693539409931	   0.0123386973786	-0.000149600815368	  0.00703143366695	 -0.00102714795938	  0.00277735291076	 0.000584912970037	-0.000575274148983	  0.00237077535767
     1.50694823697	       1.095818375	    0.639624726467	    0.436962296058	    0.247278169112	    0.176697018299	   0.0962983125324	   0.0697615892795	   0.0402102180238	   0.0245827085848	   0.0198215982924	  0.00582160190446	    0.011571608798	-0.000662862896656	  0.00667782156891	 -0.00126050674679	  0.00261757179173	 0.000478724109518	-0.000645204767967	  0.00232143415142
     1.47916466932	     1.07020385466	    0.618532018413	    0.420530366666	    0.235009050423	    0.167736437565	   0.0899062437383	   0.0652513430031	   0.0370721054747	   0.0224191190951	   0.0183354139925	  0.00481706124522	   0.0108840218878	 -0.00111856846142	  0.00636534483875	 -0.00146450368128	   0.0024785067599	  0.00038712379915	-0.000704906399553	  0.00227917554453
     1.45223766854	     1.04543714909	    0.598243334696	    0.404819461686	    0.223357906741	    0.159284938624	   0.0839213445021	   0.0610584014164	   0.0341763988971	   0.0204375741451	   0.0169839034549	  0.00391111327783	   0.0102676508437	 -0.00152307678345	  0.00608917987472	 -0.00164276126976	  0.00235746277263	 0.000308123150261	-0.000755836004426	  0.00224293979355
     1.42613106071	     1.02148189688	    0.578722280462	    0.389794068541	    0.212291266895	    0.151312097499	   0.0783168705308	    0.057159947268	   0.0315041302807	   0.0186226569679	   0.0157547795735	  0.00309412926393	  0.00971506292503	 -0.00188205228737	  0.00584506075187	 -0.00179846036418	  0.00225209039882	 0.000240000805901	-0.000799245482245	  0.00221182293304
     1.40081048082	    0.998303562314	    0.559934327963	    0.375420582417	    0.201777578318	    0.143789371432	   0.0730678686604	   0.0535348187529	   0.0290378191528	   0.0169602533826	   0.0146368696272	  0.00235741416109	  0.00921959329209	 -0.00220053828072	  0.00562921653676	 -0.00193439258467	  0.00216034262712	 0.000181267834253	-0.000836209856053	  0.00218505440245
     1.37624328095	    0.975869342271	    0.541846719612	    0.361667203584	    0.191787098055	    0.136689984604	   0.0681510596431	   0.0501633925124	   0.0267613590885	   0.0154374447539	   0.0136200169538	  0.00169311847244	  0.00877526771087	 -0.00248302338164	  0.00543831522732	 -0.00205300685813	  0.00208043680336	 0.000130637017143	-0.000867651748502	  0.00216197775787
     1.35239844155	    0.954148076229	    0.524428374484	    0.348503838726	    0.182291788546	    0.129988819474	   0.0635447274006	   0.0470274738225	   0.0246599119256	   0.0140424089217	    0.012694990594	   0.0010941578263	  0.00837673254775	 -0.00273350124374	  0.00526941371713	  -0.0021564506521	  0.00201082115282	 8.69960352162e-05	-0.000894362596686	  0.00214203407543
     1.32924648587	    0.933110159676	    0.507649798543	    0.335902006528	    0.173265218334	    0.123662313803	   0.0592286146862	   0.0441101937914	   0.0227198093902	    0.012764328701	   0.0118534024252	 0.000554139745819	  0.00801919148055	 -0.00295552416058	  0.00511991321331	 -0.00224660644692	  0.00195014538467	 4.93840946476e-05	-0.000917021009176	   0.0021247476953
     1.30675939805	    0.912727461146	    0.491482998788	    0.323834747646	    0.164682467758	    0.117688363324	   0.0551838250178	   0.0413959133232	   0.0209284617894	   0.0115933075264	   0.0110876312924	 6.72970730015e-05	  0.00769834837027	 -0.00315225110438	  0.00498751957231	 -0.00232512394861	  0.00189723491835	 1.69715834612e-05	-0.000936208626826	  0.00210971399423
     1.28491054481	    0.892973243002	    0.475901401401	    0.312276539089	    0.156520039604	    0.112046229949	   0.0513927306845	   0.0388701335619	    0.019274273402	   0.0105202918006	   0.0103907536441	-0.000371572474596	  0.00741035576229	 -0.00332649072104	  0.00487020805636	 -0.00239344850398	  0.00185106831441	-1.09576125753e-05	-0.000952423809109	  0.00209658891177
     1.26367460084	    0.873822085997	    0.460879773909	    0.301203213003	    0.148755774634	    0.106716455366	   0.0478388865947	   0.0365194125027	   0.0177465641842	  0.00953699950589	  0.00975648019343	-0.000767161114723	  0.00715176851548	 -0.00348073976755	   0.0047661920528	 -0.00245284613752	  0.00181075753344	-3.50214649297e-05	-0.000966093430664	  0.00208507998903
      1.2430274779	    0.855249817606	    0.446394151319	    0.290591879765	    0.141368771846	    0.101680779815	   0.0445069497022	   0.0343312874418	   0.0163354974016	  0.00863585464588	  0.00917909814245	 -0.00112370065362	  0.00691950208981	 -0.00361721744171	   0.0046738953375	 -0.00250442559061	  0.00177553068552	-5.57531217754e-05	-0.000977583038832	  0.00207493870938
     1.22294625756	    0.837233444051	    0.432421766153	    0.280420855275	    0.134339313325	   0.0969220658524	   0.0413826037363	   0.0322942029331	   0.0150320128056	  0.00780992709645	  0.00865341852594	 -0.00144500742783	  0.00671079505643	 -0.00373789601694	  0.00459192750157	 -0.00254915770536	  0.00174471696881	-7.36124517521e-05	-0.000987205592166	  0.00206595395772
     1.20340912749	    0.819751085947	    0.418940982259	    0.270669592311	    0.127648793491	   0.0924242268459	   0.0384524889535	   0.0303974439179	   0.0138277649783	  0.00705287746308	  0.00817472825931	 -0.00173452295149	   0.0065231754276	 -0.00384452816003	  0.00451906219673	  -0.0025878924604	  0.00171773352954	 -8.8996041091e-05	-0.000995228972274	  0.00205794643962
     1.18439532118	    0.802781917433	    0.405931232278	     0.26131861578	    0.121279652547	   0.0881721599851	   0.0357041366249	   0.0286310737007	   0.0127150664875	   0.0063589065615	  0.00773874649772	 -0.00199535065588	  0.00635443043642	 -0.00393867127547	   0.0044542178882	 -0.00262137393334	   0.0016940740057	-0.000102245845468	 -0.00100188243672	  0.00205076392271
     1.16588506098	    0.786306108678	    0.393372958617	    0.252349461707	    0.115215313944	   0.0841516835526	   0.0331259079818	   0.0269858764567	   0.0116868355053	  0.00572270915974	  0.00734158494081	 -0.00223028907897	  0.00620257942769	 -0.00402170918787	   0.0043964408358	 -0.00265025343468	  0.00167329854464	 -0.00011365667314	 -0.00100736215888	   0.0020442771818
     1.14785950436	    0.770304771602	    0.381247557776	    0.243744619772	    0.109440125628	   0.0803494782238	   0.0307069373436	   0.0254533039638	   0.0107365475627	  0.00513943164224	  0.00697971174331	 -0.00244186183375	  0.00606584955127	 -0.00409487144454	   0.0043448900525	 -0.00267510103092	  0.00165502510933	-0.000123482653822	 -0.00101183598128	  0.00203837654555
     1.13030069313	    0.754759908679	    0.369537327867	     0.23548747923	    0.103939304893	   0.0767530321596	    0.028437079165	   0.0240254262702	  0.00985819113257	  0.00460463327843	  0.00664991871666	 -0.00263234465743	  0.00594265397676	 -0.00415925049208	  0.00429882401634	 -0.00269641565002	  0.00163892191035	-0.000131942828156	  -0.0010154474922	  0.00203296895706
     1.11319150565	    0.739654364672	     0.35822541917	    0.227562278035	   0.0986988866301	   0.0733505896643	   0.0263068587482	   0.0226948860217	  0.00904622674897	  0.00411425080062	   0.0063492915315	 -0.00280378981747	  0.00583157237501	 -0.00421581695586	   0.0042575889358	  -0.0027146339401	  0.00162470082054	-0.000139225975339	 -0.00101831952033	  0.00202797547277
     1.09651561167	    0.724971781133	    0.347295787565	    0.219954054985	   0.0937056747656	   0.0701311031913	   0.0243074263788	   0.0214548561864	  0.00829554939188	  0.00366456601688	  0.00607518265389	 -0.00295804812652	  0.00573133343554	 -0.00426543322759	   0.0042206083901	  -0.0027301380328	  0.00161211164665	 -0.00014549478121	 -0.00102055712942	  0.00202332913545
     1.08025742991	    0.710696553554	    0.336733150685	    0.212648604729	   0.0889471967207	   0.0670841884852	    0.022430514655	   0.0202990009341	  0.00760145388314	  0.00325217620532	   0.0058251867699	 -0.00309678879581	  0.00564079921155	 -0.00430886554526	  0.00418737418612	 -0.00274326234451	  0.00160093714797	-0.000150889435759	 -0.00102225018359	  0.00201897316572
     1.06440208797	     0.69681379099	    0.326522946636	    0.205632435462	   0.0844116606955	   0.0642000826627	   0.0206683987938	   0.0192214394379	  0.00695960305783	  0.00287396705548	    0.005597118474	 -0.00322151733565	  0.00555895110446	 -0.00434679473022	  0.00415743829079	 -0.00275429953343	  0.00159098870578	 -0.00015553073726	 -0.00102347554422	  0.00201485942505
     1.04893538464	     0.68330927804	    0.316651295143	    0.198892729161	   0.0800879156118	   0.0614696050409	   0.0190138597091	   0.0182167123852	  0.00636599849164	  0.00252708794093	   0.0053889920156	 -0.00333359169256	  0.00548487731835	 -0.00437982572887	  0.00413040571411	 -0.00276350571584	  0.00158210255944	-0.000159522770034	 -0.00102429895078	  0.00201094710976
     1.03384375437	     0.67016943904	    0.307104960976	    0.192417304198	   0.0759654135475	   0.0588841205352	   0.0174601496698	   0.0172797509953	  0.00581695358125	  0.00220892932443	  0.00519900291603	 -0.00343423679482	  0.00541776163189	  -0.0044084960907	  0.00410592823166	 -0.00277110503305	  0.00157413653565	-0.000162955213893	 -0.00102477663074	  0.00200720164165
     1.01911423385	     0.65738130434	    0.297871319522	    0.186194580201	    0.072034174508	   0.0564355054569	   0.0160009603587	   0.0164058483584	   0.0053090687897	  0.00191710211313	  0.00502551128459	 -0.00352455766217	  0.00535687335056	 -0.00443328350024	  0.00408369884862	 -0.00277729364908	  0.00156696720671	-0.000165905335534	 -0.00102495667725	  0.00200359372579
     1.00473443047	    0.644932478543	     0.28893832438	    0.180213545011	   0.0682847533861	   0.0541161155525	   0.0146303931614	   0.0155906329204	   0.0048392088831	  0.00164941879621	  0.00486702667753	  -0.0036055512203	  0.00530155831593	 -0.00445461246776	  0.00406344691818	 -0.00278224324949	  0.00156048742206	-0.000168439705399	 -0.00102488022793	  0.00200009855049

